0 0.4999863590744173 0.3932291666666667 0.9999727181488346 0.7864583333333334
0 0.5 0.18125 1 0.3625
0 0.4999863590744173 0.18697916666666667 0.9999727181488346 0.37395833333333334
0 0.5 0.2833333333333333 1 0.5666666666666667
0 0.4999863590744173 0.3536458333333333 0.9999727181488346 0.7072916666666667
0 0.5 0.4666666666666667 1 0.9333333333333333
0 0.5 0.2708333333333333 1 0.5416666666666666
0 0.5 0.09166666666666666 1 0.18333333333333332
0 0.5 0.08333333333333333 1 0.16666666666666666
0 0.5 0.4979166666666667 1 0.9958333333333333
0 0.5 0.4979166666666667 1 0.9958333333333333